Clouds: 0.5543478
Grime: 0.2717391
EffectColorB: 8
PlacedObjects: DeadVultureGrub><538.604><272.1367><-108~-211~34~38, 
FadePalette: 4, 0.5
