Clouds: 0.5543478
Grime: 0.2717391
FadePalette: 4, 0.7608696
