EffectColorA: 5
AmbientSounds: SPOT><Mech Basic.wav><721.907><381.8229><0.5><1><117.907><350.8229><227.6447><-19.35535><0><0.252174, OMNI><SO_WAT-LilDrips.ogg><802.5549><46.45578><0.09782609><1.9, 
FadePalette: 4, 0.2608696
