DangerType: Flood
Grime: 0.2282609
FadePalette: 9, 0.6956522
