DangerType: Flood
Grime: 0.1195652
Palette: 34
PlacedObjects: ShelterSpawnPoint><688.2865><388.8033><, 
FadePalette: 8, 0.3152174
